# Residuals   
# Time        	p             	Ux            	Uy            
0             	N/A	N/A
1             	1.000000e+00	1.000000e+00	1.000000e+00
2             	2.259490e-01	2.705943e-01	3.519503e-01
3             	2.834056e-01	9.680412e-02	5.752377e-02
4             	2.360301e-01	2.600125e-02	1.909972e-02
5             	1.755599e-01	1.070671e-01	7.462422e-02
6             	2.791179e-01	8.083645e-02	9.057730e-02
7             	2.212227e-01	5.203900e-02	6.673990e-02
8             	1.845347e-01	6.339966e-02	5.144641e-02
9             	3.703372e-01	2.704374e-02	1.862826e-02
10            	2.092172e-01	2.086871e-02	1.724550e-02
11            	2.096901e-01	2.954602e-02	2.453489e-02
12            	4.594564e-01	1.646532e-02	1.515043e-02
13            	2.777598e-01	2.146853e-02	1.831591e-02
14            	2.919444e-01	2.076970e-02	1.620946e-02
15            	4.087656e-01	1.192949e-02	9.642696e-03
16            	2.177197e-01	1.114877e-02	1.081981e-02
17            	2.406014e-01	1.104265e-02	1.017560e-02
18            	4.132540e-01	9.586200e-03	8.900709e-03
19            	4.585978e-01	1.138062e-02	9.742434e-03
20            	5.056888e-01	1.085634e-02	8.934889e-03
21            	2.689912e-01	9.401517e-03	7.659474e-03
22            	2.193117e-01	8.685532e-03	7.884541e-03
23            	2.358368e-01	8.704226e-03	7.674280e-03
24            	2.833124e-01	9.059200e-03	7.646999e-03
25            	3.108513e-01	9.515292e-03	7.660479e-03
26            	2.576584e-01	9.495292e-03	7.274099e-03
27            	2.079062e-01	9.120203e-03	7.039571e-03
28            	1.926931e-01	8.886288e-03	7.062424e-03
29            	1.965019e-01	8.912191e-03	7.058298e-03
30            	1.992437e-01	9.035102e-03	7.064841e-03
31            	1.894450e-01	9.156361e-03	7.017544e-03
32            	1.758978e-01	9.182894e-03	6.946245e-03
33            	1.642353e-01	9.052242e-03	6.940110e-03
34            	1.523473e-01	8.922732e-03	6.962214e-03
35            	1.466732e-01	8.836679e-03	6.955765e-03
36            	1.450411e-01	8.777666e-03	6.898846e-03
37            	1.382427e-01	8.723464e-03	6.850713e-03
38            	1.303563e-01	8.635297e-03	6.885922e-03
39            	1.226508e-01	8.537800e-03	6.953016e-03
40            	1.153176e-01	8.457324e-03	6.990100e-03
41            	1.076884e-01	8.400984e-03	6.978717e-03
42            	1.016103e-01	8.329620e-03	6.941516e-03
43            	9.644259e-02	8.242330e-03	6.949085e-03
44            	9.067383e-02	8.156867e-03	6.998758e-03
45            	8.521230e-02	8.086133e-03	7.055507e-03
46            	8.077283e-02	8.022854e-03	7.074661e-03
47            	7.754329e-02	7.957437e-03	7.071581e-03
48            	7.370449e-02	7.885137e-03	7.099460e-03
49            	6.932595e-02	7.809999e-03	7.170893e-03
50            	6.459996e-02	7.732904e-03	7.231205e-03
51            	6.077495e-02	7.653489e-03	7.257996e-03
52            	5.811086e-02	7.579606e-03	7.257022e-03
53            	5.512054e-02	7.506815e-03	7.288321e-03
54            	5.215182e-02	7.426438e-03	7.350746e-03
55            	4.972465e-02	7.340118e-03	7.398476e-03
56            	4.701947e-02	7.258522e-03	7.421630e-03
57            	4.425227e-02	7.179043e-03	7.457117e-03
58            	4.280788e-02	7.099173e-03	7.505536e-03
59            	4.148129e-02	7.013983e-03	7.528297e-03
60            	3.948120e-02	6.931527e-03	7.545945e-03
61            	3.788077e-02	6.850274e-03	7.598743e-03
62            	3.579756e-02	6.773743e-03	7.649533e-03
63            	3.441544e-02	6.695183e-03	7.675010e-03
64            	3.348771e-02	6.618075e-03	7.689616e-03
65            	3.247079e-02	6.543744e-03	7.740505e-03
66            	3.165411e-02	6.475255e-03	7.777215e-03
67            	3.035160e-02	6.402355e-03	7.800351e-03
68            	2.927540e-02	6.335383e-03	7.856261e-03
69            	2.836712e-02	6.271178e-03	7.888307e-03
70            	2.744147e-02	6.206672e-03	7.906243e-03
71            	2.654654e-02	6.142183e-03	7.956952e-03
72            	2.623709e-02	6.077095e-03	8.001389e-03
73            	2.552784e-02	6.012582e-03	8.020611e-03
74            	2.466259e-02	5.947760e-03	8.069030e-03
75            	2.416417e-02	5.884118e-03	8.117681e-03
76            	2.335123e-02	5.820877e-03	8.140901e-03
77            	2.264648e-02	5.753115e-03	8.200358e-03
78            	2.221126e-02	5.689869e-03	8.257103e-03
79            	2.162214e-02	5.627172e-03	8.286164e-03
80            	2.108097e-02	5.564468e-03	8.351182e-03
81            	2.047076e-02	5.504661e-03	8.407082e-03
82            	2.010660e-02	5.446154e-03	8.439374e-03
83            	1.974038e-02	5.387792e-03	8.508232e-03
84            	1.920596e-02	5.332745e-03	8.563399e-03
85            	1.858760e-02	5.279823e-03	8.599221e-03
86            	1.814200e-02	5.227359e-03	8.673596e-03
87            	1.777283e-02	5.180424e-03	8.725097e-03
88            	1.726956e-02	5.135900e-03	8.742301e-03
89            	1.680520e-02	5.092948e-03	8.802520e-03
90            	1.648944e-02	5.055085e-03	8.828458e-03
91            	1.617370e-02	5.019661e-03	8.826875e-03
92            	1.572687e-02	4.988330e-03	8.856899e-03
93            	1.543025e-02	4.966918e-03	8.841599e-03
94            	1.508140e-02	4.948561e-03	8.811790e-03
95            	1.477120e-02	4.934220e-03	8.765059e-03
96            	1.464336e-02	4.924331e-03	8.662682e-03
97            	1.432579e-02	4.918219e-03	8.559868e-03
98            	1.421006e-02	4.919795e-03	8.447336e-03
99            	1.411056e-02	4.924052e-03	8.314222e-03
100           	1.339610e-02	4.931923e-03	8.195828e-03
101           	1.302180e-02	4.946784e-03	8.076548e-03
102           	1.252068e-02	4.964202e-03	7.955275e-03
103           	1.206382e-02	4.980928e-03	7.836021e-03
104           	1.180436e-02	5.004438e-03	7.727057e-03
105           	1.154063e-02	5.029445e-03	7.626443e-03
106           	1.127791e-02	5.059329e-03	7.530530e-03
107           	1.114088e-02	5.092341e-03	7.452177e-03
108           	1.085062e-02	5.124043e-03	7.371328e-03
109           	1.054941e-02	5.158490e-03	7.292815e-03
110           	1.055895e-02	5.195671e-03	7.236280e-03
111           	1.041583e-02	5.233318e-03	7.175163e-03
112           	1.025247e-02	5.274095e-03	7.122269e-03
113           	1.024211e-02	5.315497e-03	7.083688e-03
114           	1.012579e-02	5.359101e-03	7.043417e-03
115           	1.014309e-02	5.404720e-03	7.006038e-03
116           	1.020441e-02	5.450950e-03	6.983174e-03
117           	1.006542e-02	5.499707e-03	6.969631e-03
118           	1.006736e-02	5.548664e-03	6.951993e-03
119           	1.005511e-02	5.599703e-03	6.951320e-03
120           	9.951167e-03	5.652786e-03	6.958404e-03
121           	9.948089e-03	5.706229e-03	6.962505e-03
122           	9.935379e-03	5.764091e-03	6.991440e-03
123           	9.893456e-03	5.820093e-03	7.018311e-03
124           	9.889500e-03	5.879701e-03	7.050925e-03
125           	9.829895e-03	5.939800e-03	7.102707e-03
126           	9.765224e-03	6.003775e-03	7.158839e-03
127           	9.664311e-03	6.070536e-03	7.227492e-03
128           	9.509712e-03	6.135544e-03	7.306529e-03
129           	9.400541e-03	6.206138e-03	7.395121e-03
130           	9.386493e-03	6.277515e-03	7.492834e-03
131           	9.310360e-03	6.350704e-03	7.590721e-03
132           	9.282229e-03	6.430351e-03	7.705642e-03
133           	9.310658e-03	6.511282e-03	7.821771e-03
134           	9.258989e-03	6.594920e-03	7.939068e-03
135           	9.312654e-03	6.678004e-03	8.061160e-03
136           	9.328941e-03	6.763108e-03	8.193734e-03
137           	9.359616e-03	6.848458e-03	8.329827e-03
138           	9.399798e-03	6.933295e-03	8.459046e-03
139           	9.459664e-03	7.016874e-03	8.598949e-03
140           	9.489189e-03	7.107909e-03	8.741232e-03
141           	9.475243e-03	7.195292e-03	8.878914e-03
142           	9.391035e-03	7.280318e-03	9.016338e-03
143           	9.434676e-03	7.366164e-03	9.154016e-03
144           	9.466455e-03	7.453166e-03	9.288880e-03
145           	9.459390e-03	7.544070e-03	9.417694e-03
146           	9.380524e-03	7.634769e-03	9.546928e-03
147           	9.344896e-03	7.724041e-03	9.673417e-03
148           	9.376534e-03	7.814064e-03	9.799379e-03
149           	9.332147e-03	7.908829e-03	9.918715e-03
150           	9.310662e-03	8.006683e-03	1.004479e-02
151           	9.311152e-03	8.104030e-03	1.016838e-02
152           	9.336742e-03	8.204488e-03	1.029414e-02
153           	9.370364e-03	8.309712e-03	1.041494e-02
154           	9.358724e-03	8.416278e-03	1.053982e-02
155           	9.446572e-03	8.526899e-03	1.066068e-02
156           	9.570439e-03	8.640417e-03	1.077430e-02
157           	9.661522e-03	8.754210e-03	1.088588e-02
158           	9.659069e-03	8.872437e-03	1.098930e-02
159           	9.765643e-03	8.993676e-03	1.109532e-02
160           	9.961333e-03	9.113721e-03	1.119503e-02
161           	1.009879e-02	9.238942e-03	1.128597e-02
162           	1.012560e-02	9.362890e-03	1.137399e-02
163           	1.027774e-02	9.491548e-03	1.146899e-02
164           	1.046366e-02	9.620813e-03	1.155358e-02
165           	1.049366e-02	9.751919e-03	1.163352e-02
166           	1.056408e-02	9.885771e-03	1.172029e-02
167           	1.063026e-02	1.002070e-02	1.180097e-02
168           	1.061180e-02	1.015557e-02	1.188008e-02
169           	1.053895e-02	1.029446e-02	1.195580e-02
170           	1.042797e-02	1.043697e-02	1.204303e-02
171           	1.037357e-02	1.058089e-02	1.212556e-02
172           	1.033495e-02	1.071894e-02	1.219778e-02
173           	1.031262e-02	1.085696e-02	1.227472e-02
174           	1.023307e-02	1.099387e-02	1.236319e-02
175           	1.014697e-02	1.112629e-02	1.244777e-02
176           	1.014200e-02	1.125530e-02	1.252509e-02
177           	1.016651e-02	1.137510e-02	1.260687e-02
178           	1.019404e-02	1.149020e-02	1.268456e-02
179           	1.020313e-02	1.159762e-02	1.275738e-02
180           	1.023981e-02	1.169584e-02	1.282396e-02
181           	1.023120e-02	1.178715e-02	1.288474e-02
182           	1.024491e-02	1.186847e-02	1.296039e-02
183           	1.026567e-02	1.194885e-02	1.304022e-02
184           	1.038668e-02	1.202056e-02	1.311367e-02
185           	1.043556e-02	1.207768e-02	1.317038e-02
186           	1.053308e-02	1.213030e-02	1.322496e-02
187           	1.058327e-02	1.217299e-02	1.328161e-02
188           	1.066348e-02	1.221252e-02	1.333405e-02
189           	1.075175e-02	1.224023e-02	1.337921e-02
190           	1.081393e-02	1.226278e-02	1.341155e-02
191           	1.088325e-02	1.228217e-02	1.343606e-02
192           	1.094886e-02	1.229445e-02	1.344862e-02
193           	1.096689e-02	1.229884e-02	1.345209e-02
194           	1.103691e-02	1.230008e-02	1.344587e-02
195           	1.112904e-02	1.229757e-02	1.342490e-02
196           	1.119101e-02	1.228698e-02	1.338652e-02
197           	1.125201e-02	1.226723e-02	1.334451e-02
198           	1.129867e-02	1.224085e-02	1.328578e-02
199           	1.136080e-02	1.221118e-02	1.321529e-02
200           	1.139808e-02	1.217249e-02	1.313229e-02
201           	1.141283e-02	1.212561e-02	1.303976e-02
202           	1.145362e-02	1.206953e-02	1.292405e-02
203           	1.144112e-02	1.200328e-02	1.280931e-02
204           	1.145069e-02	1.193285e-02	1.268003e-02
205           	1.141903e-02	1.184990e-02	1.253944e-02
206           	1.133702e-02	1.176188e-02	1.238429e-02
207           	1.125372e-02	1.166721e-02	1.223716e-02
208           	1.115436e-02	1.156632e-02	1.206209e-02
209           	1.099691e-02	1.145612e-02	1.190217e-02
210           	1.081114e-02	1.134031e-02	1.173063e-02
211           	1.061331e-02	1.122346e-02	1.156142e-02
212           	1.039928e-02	1.110510e-02	1.140793e-02
213           	1.015824e-02	1.098329e-02	1.125419e-02
214           	9.881720e-03	1.086443e-02	1.110882e-02
215           	9.650230e-03	1.073888e-02	1.096671e-02
216           	9.451813e-03	1.061593e-02	1.083873e-02
217           	9.229543e-03	1.049891e-02	1.070733e-02
218           	9.022648e-03	1.038152e-02	1.058798e-02
219           	8.808660e-03	1.026401e-02	1.047283e-02
220           	8.628997e-03	1.014878e-02	1.036617e-02
221           	8.446447e-03	1.003798e-02	1.025825e-02
222           	8.273031e-03	9.928804e-03	1.014426e-02
223           	8.125589e-03	9.828645e-03	1.003408e-02
224           	8.056738e-03	9.729079e-03	9.921518e-03
225           	7.954797e-03	9.645095e-03	9.804909e-03
226           	7.881126e-03	9.564348e-03	9.678970e-03
227           	7.814019e-03	9.489794e-03	9.566073e-03
228           	7.723180e-03	9.413759e-03	9.459979e-03
229           	7.615126e-03	9.344802e-03	9.345807e-03
230           	7.545784e-03	9.284033e-03	9.238161e-03
231           	7.463430e-03	9.229727e-03	9.126049e-03
232           	7.381031e-03	9.178124e-03	9.015639e-03
233           	7.306084e-03	9.125178e-03	8.921010e-03
234           	7.183916e-03	9.072484e-03	8.826116e-03
235           	7.119724e-03	9.021265e-03	8.734648e-03
236           	7.091773e-03	8.971503e-03	8.643080e-03
237           	7.045022e-03	8.923692e-03	8.534193e-03
238           	6.996888e-03	8.875509e-03	8.440962e-03
239           	6.929709e-03	8.825270e-03	8.350029e-03
240           	6.854728e-03	8.772278e-03	8.252881e-03
241           	6.806874e-03	8.725766e-03	8.165058e-03
242           	6.747607e-03	8.673229e-03	8.065720e-03
243           	6.695777e-03	8.625423e-03	7.961577e-03
244           	6.616375e-03	8.576002e-03	7.870913e-03
245           	6.521149e-03	8.523890e-03	7.765001e-03
246           	6.441852e-03	8.474800e-03	7.662625e-03
247           	6.363221e-03	8.420459e-03	7.564830e-03
248           	6.269272e-03	8.363488e-03	7.458512e-03
249           	6.182400e-03	8.311311e-03	7.345046e-03
250           	6.082365e-03	8.248244e-03	7.246669e-03
251           	5.977164e-03	8.186175e-03	7.138250e-03
252           	5.876503e-03	8.124516e-03	7.023314e-03
253           	5.758213e-03	8.056756e-03	6.923703e-03
254           	5.646374e-03	7.987837e-03	6.815498e-03
255           	5.536081e-03	7.918198e-03	6.709853e-03
256           	5.430991e-03	7.840213e-03	6.610058e-03
257           	5.334594e-03	7.764439e-03	6.513936e-03
258           	5.228147e-03	7.688222e-03	6.413866e-03
259           	5.126673e-03	7.608907e-03	6.321827e-03
260           	5.032091e-03	7.530975e-03	6.233820e-03
261           	4.934341e-03	7.448024e-03	6.151357e-03
262           	4.831660e-03	7.365204e-03	6.062580e-03
263           	4.738660e-03	7.289156e-03	5.984380e-03
264           	4.626598e-03	7.211026e-03	5.917191e-03
265           	4.523776e-03	7.130002e-03	5.839491e-03
266           	4.418212e-03	7.054413e-03	5.766162e-03
267           	4.304760e-03	6.983745e-03	5.708278e-03
268           	4.203365e-03	6.912444e-03	5.648924e-03
269           	4.104204e-03	6.841210e-03	5.592920e-03
270           	4.007028e-03	6.774888e-03	5.537443e-03
271           	3.928719e-03	6.713363e-03	5.481614e-03
272           	3.850397e-03	6.647031e-03	5.438167e-03
273           	3.788415e-03	6.584830e-03	5.393335e-03
274           	3.731463e-03	6.524338e-03	5.345596e-03
275           	3.688640e-03	6.466577e-03	5.293010e-03
276           	3.637913e-03	6.408992e-03	5.244915e-03
277           	3.600845e-03	6.350136e-03	5.205848e-03
278           	3.580720e-03	6.292379e-03	5.158396e-03
279           	3.561991e-03	6.238741e-03	5.107547e-03
280           	3.551515e-03	6.181029e-03	5.059393e-03
281           	3.542333e-03	6.123419e-03	5.006862e-03
282           	3.522007e-03	6.063961e-03	4.959618e-03
283           	3.503500e-03	6.007809e-03	4.914388e-03
284           	3.481428e-03	5.950126e-03	4.861172e-03
285           	3.447805e-03	5.892979e-03	4.803893e-03
286           	3.419271e-03	5.833424e-03	4.745194e-03
287           	3.388755e-03	5.775917e-03	4.685784e-03
288           	3.347144e-03	5.717355e-03	4.633126e-03
289           	3.299558e-03	5.655419e-03	4.577987e-03
290           	3.254072e-03	5.593827e-03	4.521401e-03
291           	3.202923e-03	5.531128e-03	4.462902e-03
292           	3.151175e-03	5.468801e-03	4.399842e-03
293           	3.103021e-03	5.406629e-03	4.335061e-03
294           	3.041127e-03	5.343016e-03	4.273234e-03
295           	2.981877e-03	5.277801e-03	4.213519e-03
296           	2.921136e-03	5.218019e-03	4.159512e-03
297           	2.859696e-03	5.158883e-03	4.102330e-03
298           	2.792226e-03	5.098059e-03	4.044481e-03
299           	2.731621e-03	5.036690e-03	3.988663e-03
300           	2.667134e-03	4.981351e-03	3.928994e-03
301           	2.601821e-03	4.926082e-03	3.864089e-03
302           	2.535159e-03	4.871775e-03	3.801016e-03
303           	2.467234e-03	4.820296e-03	3.739749e-03
304           	2.399628e-03	4.773531e-03	3.677460e-03
305           	2.333435e-03	4.730353e-03	3.619012e-03
306           	2.262281e-03	4.692043e-03	3.561569e-03
307           	2.196092e-03	4.657693e-03	3.510564e-03
308           	2.136496e-03	4.626016e-03	3.464633e-03
309           	2.104206e-03	4.596413e-03	3.420718e-03
310           	2.093712e-03	4.572221e-03	3.377125e-03
311           	2.093205e-03	4.546319e-03	3.341267e-03
312           	2.106078e-03	4.519902e-03	3.309630e-03
313           	2.127400e-03	4.491761e-03	3.275400e-03
314           	2.159752e-03	4.460804e-03	3.240730e-03
315           	2.205791e-03	4.429582e-03	3.215490e-03
316           	2.257553e-03	4.397444e-03	3.192204e-03
317           	2.305058e-03	4.360891e-03	3.166591e-03
318           	2.346951e-03	4.322144e-03	3.139892e-03
319           	2.398409e-03	4.282548e-03	3.120541e-03
320           	2.450234e-03	4.242307e-03	3.102940e-03
321           	2.480736e-03	4.196399e-03	3.081406e-03
322           	2.516435e-03	4.148789e-03	3.060923e-03
323           	2.542128e-03	4.099809e-03	3.045116e-03
324           	2.567389e-03	4.049919e-03	3.030494e-03
325           	2.585563e-03	3.998011e-03	3.014957e-03
326           	2.599963e-03	3.944686e-03	2.997123e-03
327           	2.601928e-03	3.890092e-03	2.984066e-03
328           	2.592905e-03	3.834698e-03	2.968705e-03
329           	2.581908e-03	3.776735e-03	2.947763e-03
330           	2.571672e-03	3.718340e-03	2.922678e-03
331           	2.547228e-03	3.662433e-03	2.900378e-03
332           	2.518591e-03	3.608506e-03	2.885833e-03
333           	2.477920e-03	3.553498e-03	2.871076e-03
334           	2.442564e-03	3.498819e-03	2.851612e-03
335           	2.395568e-03	3.446687e-03	2.826065e-03
336           	2.344295e-03	3.399213e-03	2.809598e-03
337           	2.290701e-03	3.353200e-03	2.796142e-03
338           	2.250757e-03	3.307211e-03	2.779047e-03
339           	2.219765e-03	3.262986e-03	2.755303e-03
340           	2.201224e-03	3.224055e-03	2.732161e-03
341           	2.176831e-03	3.189251e-03	2.714892e-03
342           	2.150682e-03	3.155666e-03	2.696322e-03
343           	2.115294e-03	3.122046e-03	2.671186e-03
344           	2.082345e-03	3.091978e-03	2.642997e-03
345           	2.056989e-03	3.063369e-03	2.611853e-03
346           	2.036835e-03	3.037635e-03	2.582989e-03
347           	2.011315e-03	3.012343e-03	2.550828e-03
348           	1.987353e-03	2.987755e-03	2.512428e-03
349           	1.957853e-03	2.963754e-03	2.469780e-03
350           	1.931148e-03	2.939470e-03	2.423185e-03
351           	1.895497e-03	2.915534e-03	2.378894e-03
352           	1.856114e-03	2.894009e-03	2.335459e-03
353           	1.812841e-03	2.872608e-03	2.293824e-03
354           	1.764330e-03	2.849581e-03	2.248126e-03
355           	1.718549e-03	2.825990e-03	2.196853e-03
356           	1.696857e-03	2.805424e-03	2.153644e-03
357           	1.694591e-03	2.782962e-03	2.111659e-03
358           	1.703025e-03	2.757778e-03	2.073343e-03
359           	1.719482e-03	2.731290e-03	2.032566e-03
360           	1.741580e-03	2.703864e-03	1.990838e-03
361           	1.762302e-03	2.677140e-03	1.952996e-03
362           	1.780890e-03	2.648741e-03	1.920736e-03
363           	1.795485e-03	2.618852e-03	1.892484e-03
364           	1.814392e-03	2.585255e-03	1.863058e-03
365           	1.836385e-03	2.551990e-03	1.836257e-03
366           	1.857229e-03	2.518913e-03	1.811147e-03
367           	1.864212e-03	2.482910e-03	1.784357e-03
368           	1.871416e-03	2.445867e-03	1.757508e-03
369           	1.868296e-03	2.405380e-03	1.726640e-03
370           	1.865427e-03	2.366587e-03	1.695681e-03
371           	1.855441e-03	2.327388e-03	1.673796e-03
372           	1.852287e-03	2.286753e-03	1.658762e-03
373           	1.816795e-03	2.243535e-03	1.645432e-03
374           	1.780318e-03	2.199342e-03	1.627197e-03
375           	1.745896e-03	2.156461e-03	1.599542e-03
376           	1.713458e-03	2.113299e-03	1.570732e-03
377           	1.675975e-03	2.069956e-03	1.546263e-03
378           	1.631325e-03	2.027000e-03	1.526717e-03
379           	1.570986e-03	1.986947e-03	1.512167e-03
380           	1.520274e-03	1.947231e-03	1.494187e-03
381           	1.457208e-03	1.907484e-03	1.476053e-03
382           	1.406226e-03	1.868485e-03	1.465414e-03
383           	1.350242e-03	1.830054e-03	1.456286e-03
384           	1.303109e-03	1.793801e-03	1.445015e-03
385           	1.252193e-03	1.759157e-03	1.427035e-03
386           	1.211341e-03	1.726062e-03	1.403880e-03
387           	1.171560e-03	1.693480e-03	1.383293e-03
388           	1.136440e-03	1.662426e-03	1.365477e-03
389           	1.096693e-03	1.634256e-03	1.345549e-03
390           	1.065546e-03	1.612210e-03	1.321214e-03
391           	1.030116e-03	1.590018e-03	1.292230e-03
392           	1.008364e-03	1.567851e-03	1.260259e-03
393           	9.898588e-04	1.544945e-03	1.234853e-03
394           	9.727482e-04	1.523943e-03	1.213246e-03
395           	9.542959e-04	1.504602e-03	1.189084e-03
396           	9.381552e-04	1.488566e-03	1.162857e-03
397           	9.195441e-04	1.475828e-03	1.133726e-03
398           	9.225137e-04	1.463571e-03	1.107353e-03
399           	9.306523e-04	1.451849e-03	1.089476e-03
400           	9.482143e-04	1.439310e-03	1.073818e-03
401           	9.652069e-04	1.425545e-03	1.056994e-03
402           	9.807971e-04	1.410894e-03	1.039985e-03
403           	9.848831e-04	1.395202e-03	1.021442e-03
404           	1.001110e-03	1.378649e-03	1.004006e-03
405           	1.011853e-03	1.360753e-03	9.861507e-04
406           	1.022897e-03	1.341137e-03	9.680673e-04
407           	1.025096e-03	1.321455e-03	9.495714e-04
408           	1.032109e-03	1.301439e-03	9.326943e-04
409           	1.031803e-03	1.280278e-03	9.181110e-04
410           	1.031017e-03	1.257053e-03	9.043600e-04
411           	1.025451e-03	1.233094e-03	8.911427e-04
412           	1.020499e-03	1.209723e-03	8.775474e-04
413           	1.003590e-03	1.186292e-03	8.616318e-04
414           	9.975401e-04	1.162641e-03	8.439755e-04
415           	9.783719e-04	1.138150e-03	8.258341e-04
416           	9.643910e-04	1.113197e-03	8.113244e-04
417           	9.427075e-04	1.090022e-03	8.009902e-04
418           	9.216301e-04	1.067046e-03	7.909473e-04
419           	8.944900e-04	1.044593e-03	7.812443e-04
420           	8.740011e-04	1.021847e-03	7.695184e-04
421           	8.456477e-04	9.998564e-04	7.601914e-04
422           	8.204846e-04	9.778112e-04	7.535324e-04
423           	7.899693e-04	9.554671e-04	7.459599e-04
424           	7.639669e-04	9.342393e-04	7.373243e-04
425           	7.352438e-04	9.141887e-04	7.269290e-04
426           	7.065577e-04	8.953375e-04	7.162853e-04
427           	6.770723e-04	8.770611e-04	7.047962e-04
428           	6.522982e-04	8.595105e-04	6.961304e-04
429           	6.256802e-04	8.426858e-04	6.858325e-04
430           	6.054518e-04	8.265420e-04	6.736959e-04
431           	5.877172e-04	8.110287e-04	6.588790e-04
432           	5.854954e-04	7.948266e-04	6.421191e-04
433           	5.793399e-04	7.779558e-04	6.252649e-04
434           	5.716417e-04	7.622408e-04	6.122160e-04
435           	5.677045e-04	7.478606e-04	6.003602e-04
436           	5.665466e-04	7.343623e-04	5.887607e-04
437           	5.627816e-04	7.226505e-04	5.762869e-04
438           	5.603579e-04	7.112543e-04	5.622328e-04
439           	5.652679e-04	6.984232e-04	5.461450e-04
440           	5.692426e-04	6.866576e-04	5.320569e-04
441           	5.717949e-04	6.753181e-04	5.183634e-04
442           	5.754183e-04	6.637479e-04	5.060173e-04
443           	5.769172e-04	6.510609e-04	4.935982e-04
444           	5.782950e-04	6.372160e-04	4.826376e-04
445           	5.757794e-04	6.228025e-04	4.713560e-04
446           	5.744308e-04	6.099960e-04	4.621870e-04
447           	5.722840e-04	5.984942e-04	4.535144e-04
448           	5.641787e-04	5.850601e-04	4.421815e-04
449           	5.531555e-04	5.713255e-04	4.303000e-04
450           	5.405796e-04	5.581319e-04	4.180674e-04
451           	5.281099e-04	5.462712e-04	4.049976e-04
452           	5.134108e-04	5.337675e-04	3.932734e-04
453           	4.933879e-04	5.219443e-04	3.863719e-04
454           	4.759719e-04	5.107015e-04	3.821173e-04
455           	4.567600e-04	4.980338e-04	3.762976e-04
456           	4.424084e-04	4.852918e-04	3.701676e-04
457           	4.240672e-04	4.730622e-04	3.630723e-04
458           	4.065566e-04	4.613489e-04	3.551368e-04
459           	3.819309e-04	4.508027e-04	3.466959e-04
460           	3.611837e-04	4.405069e-04	3.405498e-04
461           	3.383424e-04	4.303086e-04	3.344654e-04
462           	3.211066e-04	4.206513e-04	3.286556e-04
463           	3.046285e-04	4.119070e-04	3.219727e-04
464           	2.910674e-04	4.037310e-04	3.147972e-04
465           	2.792594e-04	3.958762e-04	3.069820e-04
466           	2.758843e-04	3.876740e-04	2.989292e-04
467           	2.726861e-04	3.793770e-04	2.926039e-04
468           	2.787435e-04	3.712148e-04	2.880476e-04
469           	2.771287e-04	3.628716e-04	2.831499e-04
470           	2.774889e-04	3.548313e-04	2.781160e-04
471           	2.823230e-04	3.479427e-04	2.723930e-04
472           	2.845671e-04	3.418786e-04	2.653852e-04
473           	2.896678e-04	3.364678e-04	2.576847e-04
474           	2.931273e-04	3.312223e-04	2.501847e-04
475           	2.918814e-04	3.262068e-04	2.437553e-04
476           	2.943145e-04	3.204074e-04	2.380562e-04
477           	2.934841e-04	3.148421e-04	2.329855e-04
478           	2.952686e-04	3.097550e-04	2.282238e-04
479           	2.926899e-04	3.039966e-04	2.231924e-04
480           	2.912224e-04	2.986590e-04	2.181632e-04
481           	2.926209e-04	2.928655e-04	2.120757e-04
482           	2.896343e-04	2.869931e-04	2.055629e-04
483           	2.791723e-04	2.811834e-04	1.990444e-04
484           	2.742802e-04	2.759673e-04	1.928280e-04
485           	2.672084e-04	2.705281e-04	1.861358e-04
486           	2.591406e-04	2.648841e-04	1.809580e-04
487           	2.574948e-04	2.590703e-04	1.769634e-04
488           	2.516129e-04	2.529161e-04	1.730943e-04
489           	2.427489e-04	2.468271e-04	1.688764e-04
490           	2.360183e-04	2.414684e-04	1.650819e-04
491           	2.250870e-04	2.355163e-04	1.614906e-04
492           	2.193515e-04	2.300563e-04	1.579993e-04
493           	2.066807e-04	2.248949e-04	1.544691e-04
494           	1.979326e-04	2.200159e-04	1.509201e-04
495           	1.893387e-04	2.155253e-04	1.469945e-04
496           	1.815269e-04	2.111881e-04	1.430286e-04
497           	1.724601e-04	2.069172e-04	1.385864e-04
498           	1.810644e-04	2.026054e-04	1.350091e-04
499           	1.772139e-04	1.983805e-04	1.330272e-04
500           	1.787326e-04	1.942190e-04	1.312929e-04
501           	1.715164e-04	1.899348e-04	1.269958e-04
502           	1.674629e-04	1.857120e-04	1.236521e-04
503           	1.698602e-04	1.815783e-04	1.201168e-04
504           	1.670160e-04	1.775069e-04	1.168348e-04
505           	1.703586e-04	1.734146e-04	1.130280e-04
506           	1.731572e-04	1.700741e-04	1.087996e-04
507           	1.677594e-04	1.671924e-04	1.040502e-04
508           	1.675288e-04	1.643073e-04	1.006503e-04
509           	1.668963e-04	1.612984e-04	9.798190e-05
510           	1.639600e-04	1.581860e-04	9.599215e-05
511           	1.578343e-04	1.550253e-04	9.392028e-05
512           	1.573133e-04	1.518384e-04	9.205968e-05
513           	1.538133e-04	1.488087e-04	8.964454e-05
514           	1.517428e-04	1.457930e-04	8.721698e-05
515           	1.474602e-04	1.428185e-04	8.438050e-05
516           	1.434493e-04	1.398645e-04	8.156727e-05
517           	1.381756e-04	1.369186e-04	7.873342e-05
518           	1.332805e-04	1.338563e-04	7.621042e-05
519           	1.304219e-04	1.307507e-04	7.427172e-05
520           	1.269788e-04	1.275990e-04	7.321486e-05
521           	1.198846e-04	1.243909e-04	7.153023e-05
522           	1.154282e-04	1.213309e-04	7.013577e-05
523           	1.127872e-04	1.186486e-04	6.873219e-05
524           	1.080627e-04	1.161855e-04	6.752602e-05
525           	9.994377e-05	1.137698e-04	6.567048e-05
526           	9.743135e-05	1.114906e-04	6.406593e-05
527           	9.381280e-05	1.092276e-04	6.257074e-05
528           	8.736115e-05	1.070040e-04	6.128052e-05
529           	8.538897e-05	1.048739e-04	5.983385e-05
530           	8.117874e-05	1.027411e-04	5.836315e-05
531           	8.066174e-05	1.006092e-04	5.681276e-05
532           	7.959123e-05	9.858339e-05	5.528222e-05
533           	7.742361e-05	9.665289e-05	5.357064e-05
534           	7.984296e-05	9.496488e-05	5.253461e-05
535           	7.887137e-05	9.319476e-05	5.102741e-05
536           	7.772669e-05	9.142138e-05	4.958349e-05
537           	7.910132e-05	8.978785e-05	4.817330e-05
538           	7.825980e-05	8.823278e-05	4.703186e-05
539           	7.396770e-05	8.684576e-05	4.578613e-05
540           	7.782271e-05	8.544362e-05	4.486508e-05
541           	7.341449e-05	8.408476e-05	4.360183e-05
542           	7.474842e-05	8.284902e-05	4.262073e-05
543           	7.267560e-05	8.166275e-05	4.207581e-05
544           	6.970685e-05	8.033270e-05	4.140886e-05
545           	6.705069e-05	7.913569e-05	4.095158e-05
546           	6.625374e-05	7.781481e-05	4.040626e-05
547           	6.524891e-05	7.660270e-05	3.967151e-05
548           	6.627809e-05	7.520222e-05	3.934861e-05
549           	6.474397e-05	7.388228e-05	3.841696e-05
550           	6.703125e-05	7.265467e-05	3.708932e-05
551           	6.439314e-05	7.144350e-05	3.617442e-05
552           	6.386261e-05	7.016072e-05	3.592109e-05
553           	5.976560e-05	6.908355e-05	3.659124e-05
554           	5.888654e-05	6.803676e-05	3.653141e-05
555           	5.608929e-05	6.706939e-05	3.604500e-05
556           	5.533058e-05	6.598075e-05	3.591112e-05
557           	6.060484e-05	6.482002e-05	3.494157e-05
558           	5.922454e-05	6.385169e-05	3.353580e-05
559           	5.362936e-05	6.291022e-05	3.218584e-05
560           	5.578721e-05	6.180389e-05	3.165438e-05
561           	5.503996e-05	6.071446e-05	3.115231e-05
562           	5.544760e-05	5.978715e-05	3.099921e-05
563           	5.414373e-05	5.903428e-05	3.010524e-05
564           	5.490820e-05	5.816351e-05	2.952850e-05
565           	5.294883e-05	5.727899e-05	2.888402e-05
566           	5.340027e-05	5.654406e-05	2.863085e-05
567           	5.488481e-05	5.603814e-05	2.815849e-05
568           	5.647931e-05	5.521942e-05	2.770089e-05
569           	5.315211e-05	5.453625e-05	2.706860e-05
570           	5.529420e-05	5.373883e-05	2.671504e-05
571           	5.300264e-05	5.283595e-05	2.606902e-05
572           	5.374182e-05	5.206317e-05	2.560637e-05
573           	5.072611e-05	5.142227e-05	2.461148e-05
574           	5.388107e-05	5.069847e-05	2.415288e-05
575           	5.030329e-05	5.003426e-05	2.359242e-05
576           	5.273015e-05	4.946016e-05	2.332470e-05
577           	5.027769e-05	4.973196e-05	2.385650e-05
578           	4.841810e-05	4.910095e-05	2.386305e-05
579           	4.969016e-05	4.833363e-05	2.351233e-05
580           	4.835404e-05	4.780795e-05	2.356635e-05
581           	4.626111e-05	4.727025e-05	2.335657e-05
582           	4.720788e-05	4.674536e-05	2.322831e-05
583           	4.590726e-05	4.611992e-05	2.266485e-05
584           	4.666516e-05	4.553055e-05	2.217219e-05
585           	4.564547e-05	4.507851e-05	2.134614e-05
586           	4.620949e-05	4.445159e-05	2.090310e-05
587           	4.456559e-05	4.385042e-05	2.042453e-05
588           	4.674385e-05	4.376221e-05	2.273649e-05
589           	4.992495e-05	4.293205e-05	2.225189e-05
590           	4.644069e-05	4.341379e-05	2.223144e-05
591           	4.626267e-05	4.286301e-05	2.178462e-05
592           	4.692656e-05	4.242188e-05	2.153405e-05
593           	4.849680e-05	4.191247e-05	2.074023e-05
594           	4.788845e-05	4.126778e-05	1.962160e-05
595           	4.475587e-05	4.074715e-05	1.894337e-05
596           	5.041998e-05	4.008119e-05	1.850443e-05
597           	5.095275e-05	3.921005e-05	1.820134e-05
598           	5.113739e-05	3.934775e-05	1.989827e-05
599           	4.738465e-05	4.043393e-05	2.169019e-05
600           	5.255188e-05	3.976541e-05	2.130173e-05
601           	5.189352e-05	3.878528e-05	2.019991e-05
602           	5.233234e-05	3.788784e-05	1.888863e-05
603           	5.110469e-05	3.716649e-05	1.757243e-05
604           	5.138390e-05	3.663531e-05	1.700262e-05
605           	5.029016e-05	3.620526e-05	1.718550e-05
606           	5.106671e-05	3.549470e-05	1.703010e-05
607           	4.969488e-05	3.552273e-05	1.717959e-05
608           	5.017269e-05	3.585493e-05	1.949090e-05
609           	5.315184e-05	3.525897e-05	1.908563e-05
610           	5.312681e-05	3.446401e-05	1.834899e-05
611           	5.298091e-05	3.365185e-05	1.688115e-05
612           	5.102129e-05	3.312834e-05	1.632668e-05
613           	5.262931e-05	3.270312e-05	1.574145e-05
614           	5.423819e-05	3.266248e-05	1.543072e-05
615           	5.174593e-05	3.333498e-05	1.727152e-05
616           	5.054335e-05	3.248202e-05	1.720824e-05
617           	4.936021e-05	3.155452e-05	1.697293e-05
618           	4.720646e-05	3.096644e-05	1.671435e-05
619           	4.502691e-05	3.065413e-05	1.612765e-05
620           	4.687425e-05	3.034472e-05	1.568107e-05
621           	4.277922e-05	3.026469e-05	1.507713e-05
622           	4.410897e-05	2.986596e-05	1.479713e-05
623           	4.417521e-05	2.946514e-05	1.436473e-05
624           	4.507107e-05	2.916338e-05	1.472012e-05
625           	4.450836e-05	2.897783e-05	1.420527e-05
626           	4.213521e-05	2.912555e-05	1.394164e-05
627           	4.496131e-05	2.873555e-05	1.360124e-05
628           	4.499275e-05	2.801343e-05	1.347222e-05
629           	4.505050e-05	2.762735e-05	1.379490e-05
630           	4.266257e-05	2.715129e-05	1.394553e-05
631           	4.428962e-05	2.690075e-05	1.356308e-05
632           	4.137697e-05	2.667760e-05	1.326201e-05
633           	4.392214e-05	2.636680e-05	1.289855e-05
634           	4.211989e-05	2.614519e-05	1.251816e-05
635           	4.435178e-05	2.589628e-05	1.214258e-05
636           	4.325158e-05	2.572606e-05	1.206310e-05
637           	4.083671e-05	2.628487e-05	1.266504e-05
638           	4.885530e-05	2.594716e-05	1.242265e-05
639           	4.715873e-05	2.528726e-05	1.205346e-05
640           	4.641828e-05	2.498183e-05	1.264166e-05
641           	4.542473e-05	2.463326e-05	1.228604e-05
642           	4.176513e-05	2.463555e-05	1.218304e-05
643           	4.368502e-05	2.433210e-05	1.190361e-05
644           	4.486001e-05	2.391217e-05	1.161634e-05
645           	4.164138e-05	2.389904e-05	1.171956e-05
646           	4.307304e-05	2.356160e-05	1.170425e-05
647           	4.413837e-05	2.310868e-05	1.143151e-05
648           	4.308125e-05	2.276552e-05	1.159121e-05
649           	4.157520e-05	2.248085e-05	1.149728e-05
650           	4.094271e-05	2.224325e-05	1.152175e-05
651           	3.974525e-05	2.203464e-05	1.125944e-05
652           	4.065996e-05	2.190947e-05	1.120349e-05
653           	4.001261e-05	2.177310e-05	1.083931e-05
654           	3.959194e-05	2.170293e-05	1.088756e-05
655           	3.981268e-05	2.148061e-05	1.069023e-05
656           	3.939383e-05	2.131206e-05	1.111207e-05
657           	4.168076e-05	2.105718e-05	1.095926e-05
658           	4.012776e-05	2.073446e-05	1.093073e-05
659           	3.979407e-05	2.061877e-05	1.079129e-05
660           	3.804649e-05	2.056099e-05	1.080584e-05
661           	3.626774e-05	2.051691e-05	1.087239e-05
662           	4.005128e-05	2.030066e-05	1.081825e-05
663           	3.805192e-05	1.994304e-05	1.088020e-05
664           	3.961267e-05	1.998292e-05	1.103465e-05
665           	3.843828e-05	1.995017e-05	1.081507e-05
666           	3.735248e-05	1.992966e-05	1.073075e-05
667           	3.686398e-05	1.973891e-05	1.056132e-05
668           	3.771432e-05	1.950511e-05	1.052517e-05
669           	3.687698e-05	1.935448e-05	1.039741e-05
670           	3.789278e-05	1.920047e-05	1.043494e-05
671           	3.633698e-05	1.902375e-05	1.032008e-05
672           	3.720663e-05	1.883796e-05	1.043537e-05
673           	3.537366e-05	1.871159e-05	1.038979e-05
674           	3.573205e-05	1.861659e-05	1.060061e-05
675           	3.401227e-05	1.860420e-05	1.056016e-05
676           	3.651591e-05	1.845089e-05	1.048603e-05
677           	3.440842e-05	1.847221e-05	1.044998e-05
678           	3.524043e-05	1.840675e-05	1.055438e-05
679           	3.596603e-05	1.822529e-05	1.041472e-05
680           	3.570663e-05	1.813842e-05	1.041529e-05
681           	3.462512e-05	1.804171e-05	1.025572e-05
682           	3.502519e-05	1.791830e-05	1.026600e-05
683           	3.456742e-05	1.774708e-05	1.017526e-05
684           	3.489570e-05	1.751462e-05	1.026987e-05
685           	3.563564e-05	1.729931e-05	1.013082e-05
686           	3.631638e-05	1.717003e-05	1.135615e-05
687           	3.900899e-05	1.694797e-05	1.112555e-05
688           	3.892722e-05	1.679362e-05	1.088024e-05
689           	3.872900e-05	1.698584e-05	1.072127e-05
690           	4.065910e-05	1.676644e-05	1.060531e-05
691           	3.658474e-05	1.674458e-05	1.053313e-05
692           	3.878793e-05	1.667386e-05	1.056907e-05
693           	3.761950e-05	1.663542e-05	1.030168e-05
694           	3.857304e-05	1.653885e-05	1.017603e-05
695           	4.455351e-05	1.638379e-05	9.868959e-06
696           	4.020617e-05	1.545092e-05	1.117946e-05
697           	5.170525e-05	1.527805e-05	1.083964e-05
698           	4.565511e-05	1.563085e-05	1.023531e-05
699           	4.305125e-05	1.593383e-05	9.980379e-06
700           	4.104756e-05	1.516006e-05	1.141598e-05
701           	4.286658e-05	1.501074e-05	1.137987e-05
702           	4.107550e-05	1.525289e-05	1.132801e-05
703           	4.282581e-05	1.650485e-05	1.163391e-05
704           	4.705858e-05	1.623918e-05	1.131430e-05
705           	4.579801e-05	1.555634e-05	1.059596e-05
706           	4.376705e-05	1.535544e-05	1.047754e-05
707           	4.221219e-05	1.492235e-05	1.008801e-05
708           	4.577930e-05	1.456047e-05	9.859371e-06
709           	4.094503e-05	1.387800e-05	1.049114e-05
710           	5.270385e-05	1.389805e-05	1.049049e-05
711           	3.689473e-05	1.407709e-05	9.789862e-06
712           	4.213920e-05	1.398680e-05	1.026756e-05
713           	4.196422e-05	1.389326e-05	9.963005e-06
714           	3.857591e-05	1.357301e-05	1.083978e-05
715           	4.998483e-05	1.356495e-05	1.049551e-05
716           	3.887729e-05	1.358483e-05	1.005972e-05
717           	3.754012e-05	1.352995e-05	9.688645e-06
718           	3.909226e-05	1.321076e-05	1.003160e-05
719           	3.846616e-05	1.304854e-05	1.000993e-05
720           	3.511645e-05	1.305917e-05	9.996313e-06
721           	3.945219e-05	1.286102e-05	1.021472e-05
722           	3.661134e-05	1.277054e-05	9.925508e-06
723           	3.957524e-05	1.264923e-05	1.020472e-05
724           	3.427578e-05	1.265050e-05	9.810016e-06
725           	3.655735e-05	1.248683e-05	9.832136e-06
726           	4.681671e-05	1.227482e-05	1.051822e-05
727           	3.077761e-05	1.223343e-05	9.976388e-06
728           	3.572279e-05	1.212488e-05	9.945020e-06
729           	4.541617e-05	1.200884e-05	1.018825e-05
730           	2.898358e-05	1.201516e-05	9.683386e-06
731           	3.529545e-05	1.191609e-05	9.631517e-06
732           	4.284609e-05	1.177678e-05	1.003511e-05
733           	2.821235e-05	1.186672e-05	9.616497e-06
734           	3.778332e-05	1.175784e-05	1.004855e-05
735           	2.852135e-05	1.172043e-05	9.698435e-06
736           	3.084543e-05	1.172934e-05	1.021779e-05
737           	3.128737e-05	1.177684e-05	9.893073e-06
738           	3.490529e-05	1.164069e-05	9.997187e-06
739           	4.154314e-05	1.146466e-05	1.092141e-05
740           	4.697703e-05	1.142974e-05	1.045599e-05
741           	2.481411e-05	1.157276e-05	9.587194e-06
742           	3.759723e-05	1.143761e-05	9.531170e-06
743           	3.984651e-05	1.114684e-05	9.871688e-06
744           	3.804358e-05	1.090850e-05	1.044908e-05
745           	2.901674e-05	1.087606e-05	9.987340e-06
746           	2.961943e-05	1.077530e-05	9.903123e-06
747           	4.421722e-05	1.061744e-05	1.005305e-05
748           	2.618198e-05	1.058654e-05	9.464185e-06
749           	3.064015e-05	1.049978e-05	9.368118e-06
750           	3.377711e-05	1.035310e-05	9.541478e-06
751           	3.019396e-05	1.018074e-05	9.830296e-06
752           	5.042925e-05	1.003665e-05	1.025232e-05
753           	3.135688e-05	1.016165e-05	9.273611e-06
754           	2.698357e-05	1.054967e-05	9.974863e-06
755           	4.051229e-05	1.038598e-05	1.002231e-05
756           	3.181939e-05	1.004783e-05	9.886768e-06
757           	3.866490e-05	9.874467e-06	1.033577e-05
758           	2.644779e-05	1.031403e-05	9.686850e-06
759           	3.786703e-05	1.016193e-05	9.692268e-06
760           	4.103562e-05	9.959649e-06	1.045718e-05
761           	3.033345e-05	1.005518e-05	9.919918e-06
762           	2.834469e-05	9.950485e-06	9.895491e-06
763           	2.699086e-05	9.941654e-06	9.695176e-06
764           	3.315232e-05	1.002003e-05	9.560053e-06
765           	3.780013e-05	1.068511e-05	9.384352e-06
766           	3.769873e-05	1.034771e-05	9.736556e-06
767           	5.282677e-05	9.899497e-06	1.025616e-05
768           	3.644828e-05	1.007856e-05	9.250502e-06
769           	2.742138e-05	9.612990e-06	9.129270e-06
770           	2.565692e-05	9.598664e-06	9.060927e-06
771           	2.469258e-05	9.536390e-06	9.056407e-06
772           	2.651720e-05	9.531199e-06	9.220930e-06
773           	2.648909e-05	9.495293e-06	9.331587e-06
774           	2.705192e-05	9.438341e-06	9.510760e-06
775           	2.421689e-05	9.423884e-06	9.532707e-06
776           	3.323011e-05	1.014886e-05	9.748621e-06
777           	3.953579e-05	9.809295e-06	1.032287e-05
778           	2.476868e-05	1.013092e-05	9.618132e-06
779           	2.355643e-05	9.964670e-06	9.753478e-06
780           	2.467585e-05	9.833310e-06	9.935793e-06
781           	3.433168e-05	9.787694e-06	1.005272e-05
782           	2.810102e-05	9.905115e-06	9.589546e-06
783           	2.319986e-05	9.974099e-06	9.568618e-06
784           	2.759178e-05	9.947107e-06	9.721716e-06
785           	2.665958e-05	9.868971e-06	9.923699e-06
786           	3.595692e-05	9.809031e-06	1.019174e-05
787           	3.285736e-05	1.004380e-05	9.637757e-06
788           	3.229997e-05	9.707969e-06	1.005336e-05
789           	2.750443e-05	9.732775e-06	9.662482e-06
790           	2.485439e-05	9.735632e-06	9.745220e-06
791           	2.678278e-05	9.677229e-06	9.900591e-06
792           	3.543728e-05	9.656668e-06	1.011428e-05
793           	2.820015e-05	9.840318e-06	9.647029e-06
794           	3.952011e-05	1.028537e-05	9.772815e-06
795           	3.545979e-05	9.671609e-06	1.030287e-05
796           	2.873620e-05	9.709461e-06	9.852806e-06
797           	2.697947e-05	9.748974e-06	9.926405e-06
798           	4.154315e-05	9.859802e-06	1.008671e-05
799           	3.564959e-05	1.016650e-05	9.557207e-06
800           	3.358905e-05	9.696831e-06	9.897319e-06
801           	4.298558e-05	9.667301e-06	1.024086e-05
802           	3.333534e-05	9.904473e-06	9.600402e-06
803           	4.010224e-05	1.011833e-05	9.717624e-06
804           	3.920486e-05	9.585482e-06	1.086804e-05
805           	4.709435e-05	9.755742e-06	1.000964e-05
806           	3.733020e-05	1.122829e-05	9.180041e-06
807           	5.174515e-05	1.071866e-05	9.587012e-06
808           	3.989926e-05	9.937376e-06	1.073104e-05
809           	4.391870e-05	1.014749e-05	1.012580e-05
810           	3.892073e-05	1.000867e-05	9.510652e-06
811           	3.216425e-05	9.639344e-06	9.727602e-06
812           	4.521618e-05	9.578285e-06	1.021817e-05
813           	3.469892e-05	9.780479e-06	9.453703e-06
814           	3.013947e-05	9.789356e-06	9.472536e-06
815           	3.007988e-05	9.740345e-06	9.636033e-06
816           	3.022680e-05	9.719368e-06	9.905161e-06
817           	4.427376e-05	9.717304e-06	1.021291e-05
818           	3.888387e-05	1.024770e-05	9.611881e-06
819           	3.700849e-05	9.842447e-06	1.030088e-05
820           	3.211445e-05	9.965486e-06	9.763587e-06
821           	4.209221e-05	1.004964e-05	9.903077e-06
822           	4.360622e-05	9.654232e-06	1.042881e-05
823           	3.503929e-05	1.005548e-05	9.729972e-06
824           	4.301445e-05	9.451813e-06	1.044802e-05
825           	3.519429e-05	9.575680e-06	9.667270e-06
826           	2.899736e-05	9.683543e-06	9.792355e-06
827           	4.498463e-05	1.009953e-05	1.031335e-05
828           	3.401551e-05	9.435208e-06	9.937021e-06
829           	4.459117e-05	9.485181e-06	1.028841e-05
830           	3.719602e-05	1.130582e-05	9.695348e-06
831           	5.076832e-05	1.101177e-05	9.986851e-06
832           	4.174372e-05	1.002696e-05	1.090456e-05
833           	5.741450e-05	9.649454e-06	1.051884e-05
834           	4.080115e-05	9.846815e-06	9.548922e-06
835           	4.589187e-05	1.000630e-05	9.684832e-06
836           	4.248307e-05	8.932445e-06	1.044350e-05
837           	3.623031e-05	9.091503e-06	9.981564e-06
838           	4.964563e-05	9.137829e-06	1.017300e-05
839           	3.875695e-05	1.016165e-05	9.105612e-06
840           	3.317994e-05	9.630935e-06	9.488352e-06
841           	3.068066e-05	9.748739e-06	9.786011e-06
842           	5.037047e-05	9.799358e-06	1.007313e-05
843           	3.282952e-05	1.008480e-05	9.132018e-06
844           	3.022662e-05	9.631417e-06	9.372862e-06
845           	2.985927e-05	9.525401e-06	9.703012e-06
846           	4.638816e-05	9.484586e-06	1.012227e-05
847           	3.647312e-05	9.889194e-06	9.197332e-06
848           	3.107620e-05	9.997529e-06	9.367516e-06
849           	5.230755e-05	1.010845e-05	9.719373e-06
850           	4.010726e-05	9.063220e-06	1.036690e-05
851           	3.416549e-05	9.309744e-06	9.644099e-06
852           	3.110562e-05	9.511932e-06	9.871180e-06
853           	5.318488e-05	9.652312e-06	1.022024e-05
854           	4.295066e-05	1.009070e-05	9.389236e-06
855           	3.809514e-05	9.332964e-06	9.750593e-06
856           	5.140364e-05	9.463425e-06	1.018308e-05
857           	4.156090e-05	9.713819e-06	9.368039e-06
858           	3.389623e-05	9.823605e-06	9.535987e-06
859           	5.651600e-05	1.026846e-05	9.871151e-06
860           	4.310603e-05	9.225483e-06	1.043638e-05
861           	3.642318e-05	9.751272e-06	9.618235e-06
862           	3.578457e-05	9.910981e-06	9.817838e-06
863           	6.130185e-05	9.982347e-06	1.006044e-05
864           	4.980233e-05	1.079816e-05	9.112788e-06
865           	5.853149e-05	1.000073e-05	9.614289e-06
866           	4.860915e-05	9.243629e-06	1.024441e-05
867           	4.494671e-05	9.295846e-06	9.257856e-06
868           	4.156716e-05	9.579095e-06	9.348143e-06
869           	5.691506e-05	1.007828e-05	9.590458e-06
870           	4.605134e-05	9.365270e-06	1.036634e-05
871           	4.354119e-05	1.015285e-05	9.408904e-06
872           	3.746881e-05	9.105110e-06	9.666857e-06
873           	6.481601e-05	9.738875e-06	1.006525e-05
874           	4.572610e-05	1.024234e-05	8.924862e-06
875           	3.963163e-05	9.885541e-06	9.321843e-06
876           	6.149310e-05	1.053883e-05	9.836034e-06
877           	6.020620e-05	9.182215e-06	1.040740e-05
878           	4.978222e-05	1.035495e-05	9.336185e-06
879           	4.557168e-05	9.361546e-06	9.526321e-06
880           	5.336978e-05	1.051244e-05	1.005069e-05
881           	4.298632e-05	9.459579e-06	8.969885e-06
882           	5.412220e-05	1.048216e-05	9.415309e-06
883           	4.426070e-05	9.062182e-06	9.816603e-06
884           	6.956324e-05	9.985696e-06	1.031733e-05
885           	5.661080e-05	1.056537e-05	9.016394e-06
886           	4.670818e-05	9.660044e-06	9.253906e-06
887           	6.945310e-05	1.090145e-05	9.770214e-06
888           	6.588935e-05	9.656909e-06	1.070708e-05
889           	5.675595e-05	1.111626e-05	9.478903e-06
890           	5.288264e-05	9.530931e-06	9.462572e-06
891           	6.679086e-05	1.087025e-05	9.988203e-06
892           	7.188376e-05	9.329770e-06	1.026556e-05
893           	5.492344e-05	1.094647e-05	9.066257e-06
894           	5.040717e-05	9.138001e-06	9.292910e-06
895           	5.710445e-05	1.031562e-05	9.755031e-06
896           	6.589336e-05	8.813291e-06	1.024039e-05
897           	4.782511e-05	1.039961e-05	8.980801e-06
898           	4.451745e-05	9.166253e-06	9.101049e-06
899           	5.503469e-05	1.010129e-05	9.494887e-06
900           	4.514413e-05	8.518554e-06	9.927517e-06
901           	7.119708e-05	9.240004e-06	1.042827e-05
902           	5.266023e-05	1.022357e-05	8.882177e-06
903           	4.478746e-05	9.062244e-06	9.258235e-06
904           	4.210507e-05	9.966540e-06	9.757705e-06
905           	7.119357e-05	9.789587e-06	1.021343e-05
906           	5.034054e-05	1.042150e-05	8.899544e-06
907           	4.608827e-05	8.972821e-06	9.599890e-06
908           	6.478228e-05	9.265206e-06	1.012319e-05
909           	5.195663e-05	1.011392e-05	8.800748e-06
910           	4.537972e-05	9.029962e-06	9.298283e-06
911           	4.028539e-05	9.971636e-06	9.944898e-06
912           	7.247262e-05	9.826236e-06	1.049222e-05
913           	4.868700e-05	1.000400e-05	9.111071e-06
914           	4.668933e-05	8.730796e-06	9.679166e-06
915           	6.296759e-05	8.868301e-06	1.032404e-05
916           	4.601976e-05	9.888993e-06	9.383613e-06
917           	6.322666e-05	1.005223e-05	9.824871e-06
918           	6.094382e-05	8.996117e-06	1.061834e-05
919           	4.934589e-05	9.864036e-06	9.551676e-06
920           	5.005401e-05	9.878740e-06	9.931533e-06
921           	5.704154e-05	1.090696e-05	1.051346e-05
922           	4.821248e-05	8.945003e-06	9.439596e-06
923           	6.667128e-05	9.584420e-06	1.003257e-05
924           	5.965905e-05	1.039809e-05	8.917364e-06
925           	5.135157e-05	9.156534e-06	9.450348e-06
926           	5.927555e-05	1.033087e-05	1.034957e-05
927           	4.734423e-05	8.987156e-06	9.145251e-06
928           	6.918415e-05	1.064808e-05	9.849811e-06
929           	7.263008e-05	8.559737e-06	1.034328e-05
930           	5.865093e-05	1.035714e-05	9.089159e-06
931           	5.265344e-05	8.591957e-06	9.361321e-06
932           	7.536115e-05	9.848117e-06	1.009082e-05
933           	6.643087e-05	1.041424e-05	8.645340e-06
934           	5.518442e-05	9.724088e-06	9.480077e-06
935           	7.239032e-05	1.132584e-05	1.031131e-05
936           	5.827736e-05	9.500029e-06	9.017035e-06
937           	8.284937e-05	1.161756e-05	9.939825e-06
938           	8.382270e-05	9.220215e-06	1.037446e-05
939           	7.417069e-05	1.192924e-05	9.259216e-06
940           	6.805310e-05	9.462772e-06	9.371024e-06
941           	7.710088e-05	1.161168e-05	1.022629e-05
942           	6.957453e-05	9.028829e-06	8.733137e-06
943           	7.784164e-05	1.154841e-05	9.432339e-06
944           	6.866926e-05	8.607568e-06	9.866677e-06
945           	7.135700e-05	1.028332e-05	1.062405e-05
946           	7.002234e-05	8.583431e-06	9.113151e-06
947           	6.962130e-05	1.059536e-05	9.603049e-06
948           	7.755548e-05	8.226391e-06	1.013170e-05
949           	5.801513e-05	9.904213e-06	8.867908e-06
950           	8.014342e-05	1.061816e-05	9.254753e-06
951           	7.931000e-05	9.267044e-06	1.007156e-05
952           	7.307407e-05	1.171112e-05	9.041765e-06
953           	6.263868e-05	9.807299e-06	9.374264e-06
954           	8.344741e-05	1.157019e-05	1.030017e-05
955           	7.235970e-05	9.246202e-06	8.734258e-06
956           	8.567576e-05	1.175018e-05	9.422131e-06
957           	7.307843e-05	8.725691e-06	9.882287e-06
958           	8.117656e-05	1.077749e-05	1.077238e-05
959           	7.676149e-05	8.960143e-06	9.096497e-06
960           	8.153766e-05	1.126117e-05	9.823532e-06
961           	8.591058e-05	8.594195e-06	1.029662e-05
962           	6.456589e-05	1.069615e-05	8.908604e-06
963           	5.854023e-05	8.273171e-06	9.397167e-06
964           	8.757507e-05	9.721129e-06	1.013469e-05
965           	7.382687e-05	1.066812e-05	8.586361e-06
966           	6.160096e-05	9.185634e-06	9.287601e-06
967           	7.644675e-05	1.114676e-05	1.011647e-05
968           	6.399147e-05	9.045208e-06	8.731587e-06
969           	8.985474e-05	1.139485e-05	9.537555e-06
970           	7.692438e-05	8.464258e-06	9.966242e-06
971           	8.464645e-05	1.061258e-05	1.078654e-05
972           	8.109727e-05	8.475849e-06	9.045000e-06
973           	8.412281e-05	1.096582e-05	9.693648e-06
974           	8.752328e-05	8.254451e-06	1.015517e-05
975           	6.787514e-05	1.053693e-05	8.888592e-06
976           	6.377060e-05	8.145161e-06	9.344830e-06
977           	8.668142e-05	9.874424e-06	1.015877e-05
978           	7.788710e-05	1.084515e-05	8.694390e-06
979           	6.464926e-05	9.260668e-06	9.379034e-06
980           	8.368782e-05	1.126930e-05	1.031723e-05
981           	6.867030e-05	8.899491e-06	8.932772e-06
982           	9.387211e-05	1.153081e-05	9.854806e-06
983           	9.626568e-05	8.389571e-06	1.032569e-05
984           	8.250050e-05	1.122047e-05	9.169649e-06
985           	7.589307e-05	8.505168e-06	9.492589e-06
986           	8.134467e-05	1.087797e-05	1.046956e-05
987           	7.348163e-05	8.280508e-06	9.160831e-06
988           	7.184325e-05	1.051551e-05	1.002145e-05
989           	6.569709e-05	8.072596e-06	8.808608e-06
990           	7.516943e-05	1.009684e-05	9.503933e-06
991           	8.099304e-05	7.391627e-06	1.015044e-05
992           	6.415319e-05	9.178904e-06	9.110167e-06
993           	6.935967e-05	9.944468e-06	9.607732e-06
994           	9.635207e-05	9.432790e-06	1.013447e-05
995           	8.973828e-05	1.178538e-05	9.222369e-06
996           	8.169680e-05	8.599538e-06	9.784312e-06
997           	6.974531e-05	1.047959e-05	1.076466e-05
998           	6.707812e-05	8.046584e-06	9.586155e-06
999           	7.104913e-05	1.016381e-05	1.041939e-05
1000          	6.178653e-05	7.818874e-06	9.208074e-06
1001          	4.946274e-05	9.430130e-06	9.849806e-06
1002          	9.763073e-05	9.954668e-06	1.052106e-05
1003          	8.282626e-05	9.870403e-06	9.300683e-06
1004          	9.067311e-05	1.195997e-05	1.004056e-05
1005          	8.067805e-05	9.128602e-06	9.037797e-06
1006          	8.665463e-05	1.136147e-05	9.892438e-06
1007          	9.136892e-05	8.156202e-06	1.064338e-05
1008          	7.555172e-05	1.076687e-05	9.581577e-06
1009          	7.075418e-05	7.961387e-06	9.898075e-06
1010          	8.529438e-05	9.823199e-06	1.061735e-05
1011          	8.949866e-05	1.082023e-05	9.373321e-06
1012          	8.937484e-05	9.117416e-06	1.018789e-05
1013          	9.166249e-05	1.219294e-05	9.661274e-06
1014          	7.007027e-05	1.023817e-05	1.067443e-05
1015          	6.337036e-05	9.294189e-06	9.751840e-06
1016          	8.855155e-05	8.695048e-06	1.011213e-05
1017          	7.704868e-05	1.001821e-05	8.899191e-06
1018          	6.826566e-05	8.047149e-06	9.281238e-06
1019          	5.169459e-05	8.843619e-06	9.881772e-06
1020          	8.911632e-05	9.071380e-06	1.056758e-05
1021          	7.518950e-05	9.187115e-06	9.278230e-06
1022          	9.132008e-05	1.091925e-05	9.964821e-06
1023          	7.941291e-05	8.162106e-06	1.064220e-05
1024          	5.875875e-05	9.952462e-06	9.754334e-06
1025          	8.156549e-05	1.043288e-05	1.030150e-05
1026          	6.769360e-05	9.122247e-06	9.313304e-06
1027          	7.744797e-05	1.116799e-05	1.010734e-05
1028          	6.496617e-05	8.652797e-06	8.917352e-06
1029          	9.808327e-05	1.119410e-05	9.718675e-06
1030          	9.693135e-05	8.064948e-06	1.024614e-05
1031          	8.555065e-05	1.110470e-05	9.331129e-06
1032          	7.929785e-05	8.289388e-06	9.546433e-06
1033          	8.881749e-05	1.065320e-05	1.020630e-05
1034          	7.884401e-05	8.100200e-06	9.024355e-06
1035          	8.597109e-05	1.065751e-05	9.792825e-06
1036          	9.437634e-05	7.555929e-06	1.018684e-05
1037          	7.267536e-05	1.006292e-05	9.265936e-06
1038          	6.761097e-05	7.503872e-06	9.616303e-06
1039          	8.749038e-05	9.359189e-06	1.044711e-05
1040          	8.596051e-05	1.029778e-05	9.249695e-06
1041          	7.155140e-05	8.711526e-06	9.977904e-06
1042          	8.952377e-05	1.100210e-05	1.085952e-05
1043          	7.319679e-05	8.660816e-06	9.724767e-06
1044          	9.499666e-05	1.159645e-05	1.062932e-05
1045          	8.172942e-05	8.890585e-06	9.392229e-06
1046          	8.222286e-05	1.190597e-05	1.030731e-05
1047          	7.922800e-05	8.975249e-06	9.120303e-06
1048          	9.944000e-05	1.161412e-05	9.850295e-06
1049          	1.039685e-04	7.877281e-06	1.036124e-05
1050          	8.244253e-05	1.080047e-05	9.451530e-06
1051          	7.910348e-05	7.779274e-06	9.830149e-06
1052          	9.954433e-05	9.902129e-06	1.058465e-05
1053          	9.673616e-05	1.112837e-05	9.427930e-06
1054          	9.889830e-05	9.392885e-06	1.015527e-05
1055          	1.043304e-04	1.282352e-05	9.488060e-06
1056          	8.331527e-05	9.412329e-06	9.863590e-06
1057          	1.100171e-04	1.256961e-05	1.104707e-05
1058          	9.625307e-05	9.207740e-06	9.724603e-06
1059          	1.028986e-04	1.282614e-05	1.064241e-05
1060          	9.278179e-05	9.537799e-06	9.242626e-06
1061          	9.419389e-05	1.301518e-05	1.018117e-05
1062          	9.007348e-05	9.365822e-06	8.968803e-06
1063          	1.015494e-04	1.235170e-05	9.863082e-06
1064          	1.103728e-04	8.306284e-06	1.030969e-05
1065          	8.636821e-05	1.149729e-05	9.372117e-06
1066          	8.215926e-05	8.173574e-06	9.583073e-06
1067          	8.243091e-05	1.032103e-05	1.031952e-05
1068          	7.578508e-05	7.852300e-06	9.272279e-06
1069          	6.476869e-05	9.896415e-06	9.918832e-06
1070          	9.335667e-05	1.061190e-05	1.040359e-05
1071          	7.381412e-05	9.078758e-06	9.630649e-06
1072          	8.920593e-05	1.172596e-05	1.056653e-05
1073          	7.379223e-05	9.238470e-06	9.578136e-06
1074          	9.252574e-05	1.231678e-05	1.054130e-05
1075          	8.352261e-05	9.344827e-06	9.353159e-06
1076          	8.598322e-05	1.215458e-05	1.020036e-05
1077          	8.258709e-05	8.812864e-06	9.064387e-06
1078          	1.042564e-04	1.165350e-05	9.758022e-06
1079          	1.056756e-04	7.849634e-06	1.028298e-05
1080          	8.458062e-05	1.076139e-05	9.468464e-06
1081          	8.000360e-05	7.691060e-06	9.795280e-06
1082          	1.014956e-04	9.971877e-06	1.067610e-05
1083          	9.898610e-05	1.111943e-05	9.447833e-06
1084          	1.008140e-04	9.223969e-06	1.005407e-05
1085          	1.075221e-04	1.259543e-05	9.349899e-06
1086          	8.555312e-05	9.123020e-06	9.670863e-06
1087          	1.121738e-04	1.238980e-05	1.074432e-05
1088          	9.834664e-05	8.942455e-06	9.418681e-06
1089          	1.049584e-04	1.255352e-05	1.021739e-05
1090          	9.468864e-05	9.222303e-06	8.833959e-06
1091          	1.136215e-04	1.265484e-05	9.728493e-06
1092          	1.147410e-04	8.411683e-06	1.006594e-05
1093          	9.059917e-05	1.171006e-05	9.091193e-06
1094          	8.896346e-05	8.111588e-06	9.314181e-06
1095          	9.157669e-05	1.070425e-05	1.012276e-05
1096          	8.293101e-05	7.833880e-06	8.902423e-06
1097          	8.831963e-05	1.016126e-05	9.534657e-06
1098          	9.484457e-05	6.989008e-06	1.009148e-05
1099          	7.479438e-05	9.272975e-06	9.037847e-06
1100          	1.023091e-04	1.012846e-05	9.434749e-06
1101          	9.174201e-05	8.060968e-06	1.013670e-05
1102          	9.484841e-05	1.096599e-05	9.233353e-06
1103          	7.732174e-05	8.103412e-06	9.797270e-06
1104          	1.032623e-04	1.111821e-05	1.085762e-05
1105          	9.036259e-05	8.368269e-06	9.431854e-06
1106          	9.467216e-05	1.158566e-05	1.034804e-05
1107          	8.544623e-05	8.699918e-06	9.021379e-06
1108          	1.035846e-04	1.157916e-05	9.896549e-06
1109          	1.052095e-04	7.669870e-06	1.039058e-05
1110          	8.526945e-05	1.066496e-05	9.325879e-06
1111          	8.189615e-05	7.419066e-06	9.702666e-06
1112          	1.010431e-04	9.832697e-06	1.051888e-05
1113          	1.041844e-04	1.102827e-05	9.228299e-06
1114          	1.018587e-04	9.054689e-06	1.005264e-05
1115          	1.114193e-04	1.260410e-05	9.329630e-06
1116          	8.859993e-05	9.175073e-06	9.783476e-06
1117          	1.192807e-04	1.274652e-05	1.098156e-05
1118          	1.039293e-04	9.155804e-06	9.575488e-06
1119          	1.102087e-04	1.302814e-05	1.054278e-05
1120          	1.002496e-04	9.508951e-06	9.113801e-06
1121          	1.022901e-04	1.318466e-05	1.005764e-05
1122          	9.844257e-05	9.091035e-06	8.827984e-06
1123          	1.084324e-04	1.244364e-05	9.812241e-06
1124          	1.149568e-04	8.024456e-06	1.027189e-05
1125          	9.441030e-05	1.162018e-05	9.481535e-06
1126          	8.946611e-05	8.069521e-06	9.800090e-06
1127          	9.063235e-05	1.051440e-05	1.058964e-05
1128          	8.394092e-05	7.654133e-06	9.382654e-06
1129          	7.900044e-05	1.009119e-05	1.009639e-05
1130          	7.185352e-05	7.631661e-06	9.039605e-06
1131          	6.088743e-05	9.705127e-06	9.740648e-06
1132          	9.472065e-05	1.027230e-05	1.038249e-05
1133          	7.345291e-05	8.729577e-06	9.548566e-06
1134          	8.995780e-05	1.147210e-05	1.059899e-05
1135          	7.535576e-05	8.964654e-06	9.386461e-06
1136          	9.607195e-05	1.210560e-05	1.037313e-05
1137          	8.612337e-05	9.035178e-06	9.115996e-06
1138          	1.093053e-04	1.203195e-05	9.952560e-06
1139          	1.108227e-04	8.083171e-06	1.052572e-05
1140          	9.592593e-05	1.145651e-05	9.404915e-06
1141          	8.928858e-05	8.052730e-06	9.695266e-06
1142          	9.399824e-05	1.083104e-05	1.048121e-05
1143          	8.575156e-05	7.959763e-06	9.297898e-06
1144          	8.236407e-05	1.054512e-05	1.006518e-05
1145          	7.480308e-05	7.899816e-06	8.893504e-06
1146          	8.648491e-05	1.014960e-05	9.526681e-06
1147          	9.192085e-05	7.016227e-06	1.016965e-05
1148          	7.251611e-05	9.121962e-06	9.126722e-06
1149          	1.006319e-04	1.004986e-05	9.523817e-06
1150          	8.914230e-05	8.062282e-06	1.030195e-05
1151          	9.156292e-05	1.086339e-05	9.429494e-06
1152          	7.488753e-05	8.021632e-06	9.946038e-06
1153          	9.894025e-05	1.063561e-05	1.093173e-05
1154          	8.757206e-05	8.065763e-06	9.599894e-06
1155          	8.841295e-05	1.105257e-05	1.044235e-05
1156          	7.955559e-05	8.323143e-06	9.247828e-06
1157          	8.118426e-05	1.084704e-05	1.001018e-05
1158          	7.878011e-05	7.871373e-06	8.962126e-06
1159          	8.797860e-05	1.016163e-05	9.705222e-06
1160          	9.533727e-05	6.858807e-06	1.027255e-05
1161          	7.531819e-05	9.224861e-06	9.326929e-06
1162          	1.068328e-04	1.012514e-05	9.781966e-06
1163          	9.348719e-05	8.085053e-06	1.054774e-05
1164          	9.855896e-05	1.113666e-05	9.848623e-06
1165          	1.004827e-04	8.129409e-06	1.032859e-05
1166          	1.044028e-04	1.171399e-05	9.778020e-06
1167          	1.046267e-04	8.267200e-06	1.006417e-05
1168          	9.945248e-05	1.188014e-05	9.592643e-06
1169          	8.758381e-05	8.431615e-06	9.886561e-06
1170          	9.827805e-05	1.100069e-05	1.088433e-05
1171          	8.940885e-05	8.103946e-06	9.725316e-06
1172          	8.805513e-05	1.099729e-05	1.055963e-05
1173          	8.041945e-05	8.148309e-06	9.454169e-06
1174          	7.321041e-05	1.052362e-05	1.017268e-05
1175          	7.192637e-05	7.747026e-06	9.269134e-06
1176          	6.171335e-05	9.722926e-06	9.964380e-06
1177          	9.468019e-05	1.031424e-05	1.064887e-05
1178          	7.441479e-05	8.782471e-06	9.785416e-06
1179          	8.818792e-05	1.148970e-05	1.066918e-05
1180          	7.467066e-05	9.040845e-06	9.687750e-06
1181          	9.438023e-05	1.213434e-05	1.075633e-05
1182          	8.608304e-05	9.032160e-06	9.558254e-06
1183          	8.767625e-05	1.211773e-05	1.056778e-05
1184          	8.420772e-05	9.146880e-06	9.355447e-06
1185          	8.544032e-05	1.198326e-05	1.021141e-05
1186          	8.176984e-05	8.719359e-06	9.083046e-06
1187          	9.895711e-05	1.133778e-05	9.850956e-06
1188          	1.042446e-04	7.649937e-06	1.041076e-05
1189          	8.166332e-05	1.052607e-05	9.558601e-06
1190          	7.714766e-05	7.609028e-06	9.939667e-06
1191          	1.002429e-04	9.507530e-06	1.070581e-05
1192          	9.573286e-05	1.075445e-05	9.517569e-06
1193          	9.917941e-05	8.882302e-06	1.024288e-05
1194          	1.008809e-04	1.198213e-05	9.517377e-06
1195          	9.786689e-05	8.814550e-06	1.004282e-05
1196          	1.065070e-04	1.223332e-05	9.435098e-06
1197          	8.973469e-05	8.568480e-06	9.735246e-06
1198          	1.006680e-04	1.159200e-05	1.081470e-05
1199          	9.165252e-05	8.717465e-06	9.554576e-06
1200          	9.670646e-05	1.169041e-05	1.040758e-05
1201          	8.670452e-05	8.632125e-06	9.163824e-06
1202          	1.031387e-04	1.144329e-05	9.878172e-06
1203          	1.072910e-04	7.543216e-06	1.048581e-05
1204          	8.287112e-05	1.031125e-05	9.483964e-06
1205          	7.817548e-05	7.309526e-06	9.879047e-06
1206          	1.030636e-04	9.403378e-06	1.065205e-05
1207          	9.914201e-05	1.081150e-05	9.310371e-06
1208          	1.008877e-04	8.875281e-06	1.016278e-05
1209          	1.028287e-04	1.217715e-05	9.291791e-06
1210          	8.090375e-05	8.863702e-06	9.816413e-06
1211          	1.110343e-04	1.192508e-05	1.086525e-05
1212          	9.707782e-05	8.771046e-06	9.580276e-06
1213          	1.011561e-04	1.238228e-05	1.040898e-05
1214          	9.047079e-05	9.335018e-06	8.993156e-06
1215          	1.154263e-04	1.264021e-05	9.893045e-06
1216          	1.166937e-04	8.446617e-06	1.040732e-05
1217          	9.284214e-05	1.171717e-05	9.368499e-06
1218          	9.097486e-05	8.196198e-06	9.662699e-06
1219          	9.318136e-05	1.076844e-05	1.053937e-05
1220          	8.380711e-05	8.056912e-06	9.264858e-06
1221          	7.970056e-05	1.046133e-05	1.002420e-05
1222          	7.350452e-05	7.926699e-06	8.871104e-06
1223          	6.247103e-05	9.998046e-06	9.620880e-06
1224          	9.491820e-05	1.058796e-05	1.020454e-05
1225          	7.382658e-05	9.026606e-06	9.375579e-06
1226          	8.836782e-05	1.159478e-05	1.023421e-05
1227          	7.294332e-05	9.101599e-06	9.185099e-06
1228          	9.510153e-05	1.226328e-05	1.010272e-05
1229          	8.523187e-05	9.204995e-06	8.852407e-06
1230          	1.111475e-04	1.215268e-05	9.685569e-06
1231          	1.133098e-04	8.198154e-06	1.022254e-05
1232          	9.808351e-05	1.146957e-05	9.128455e-06
1233          	9.038416e-05	7.939325e-06	9.442188e-06
1234          	9.521503e-05	1.057031e-05	1.017673e-05
1235          	8.662150e-05	7.721534e-06	8.933498e-06
1236          	9.419559e-05	1.040795e-05	9.638752e-06
1237          	1.020892e-04	7.110292e-06	1.012398e-05
1238          	8.152220e-05	9.866323e-06	8.932381e-06
1239          	1.113610e-04	1.081146e-05	9.334933e-06
1240          	9.911238e-05	8.804217e-06	1.005167e-05
1241          	1.014962e-04	1.212125e-05	9.158238e-06
1242          	8.292234e-05	8.821927e-06	9.634137e-06
1243          	1.130178e-04	1.204247e-05	1.069110e-05
1244          	9.918779e-05	8.933651e-06	9.188276e-06
1245          	1.010734e-04	1.258687e-05	1.012014e-05
1246          	9.174679e-05	9.277751e-06	8.751702e-06
1247          	1.130374e-04	1.238687e-05	9.573599e-06
1248          	1.155269e-04	8.173079e-06	1.010216e-05
1249          	9.210877e-05	1.141930e-05	8.993185e-06
1250          	8.923223e-05	7.798378e-06	9.329096e-06
1251          	9.152696e-05	1.028838e-05	1.010880e-05
1252          	8.255150e-05	7.510235e-06	8.817967e-06
1253          	7.097714e-05	9.937008e-06	9.586646e-06
1254          	1.039937e-04	1.060457e-05	1.022049e-05
1255          	8.315651e-05	8.997706e-06	9.338182e-06
1256          	9.937248e-05	1.212062e-05	1.038680e-05
1257          	8.132666e-05	9.345999e-06	9.289921e-06
1258          	1.067321e-04	1.294517e-05	1.038744e-05
1259          	9.496896e-05	9.549949e-06	9.049209e-06
1260          	1.018416e-04	1.285337e-05	1.003465e-05
1261          	9.699917e-05	9.090427e-06	8.726139e-06
1262          	1.176962e-04	1.239870e-05	9.583129e-06
1263          	1.037907e-04	7.859498e-06	9.961716e-06
1264          	1.076906e-04	1.090575e-05	1.090708e-05
1265          	1.045834e-04	7.749193e-06	9.375137e-06
1266          	9.633352e-05	1.115587e-05	1.020645e-05
1267          	8.595926e-05	8.059160e-06	8.953287e-06
1268          	9.593246e-05	1.074023e-05	9.840937e-06
1269          	9.952982e-05	7.189650e-06	1.046583e-05
1270          	8.088271e-05	9.741489e-06	9.479526e-06
1271          	1.005293e-04	1.065885e-05	1.003155e-05
1272          	7.973402e-05	9.056141e-06	9.206154e-06
1273          	1.005030e-04	1.204827e-05	1.005083e-05
1274          	8.676125e-05	8.948514e-06	9.203561e-06
1275          	1.056791e-04	1.234606e-05	1.018070e-05
1276          	9.600034e-05	8.820050e-06	9.045930e-06
1277          	1.159078e-04	1.236433e-05	9.994250e-06
1278          	1.159005e-04	8.269527e-06	1.040237e-05
1279          	1.026151e-04	1.191645e-05	9.638364e-06
1280          	9.655669e-05	8.114304e-06	9.921724e-06
1281          	1.004674e-04	1.102382e-05	1.073787e-05
1282          	9.311589e-05	7.880412e-06	9.701029e-06
1283          	8.845751e-05	1.076372e-05	1.054242e-05
1284          	8.097765e-05	7.804389e-06	9.500220e-06
1285          	7.520150e-05	1.027536e-05	1.024947e-05
1286          	7.426944e-05	7.449970e-06	9.337590e-06
1287          	9.281503e-05	9.431303e-06	1.000126e-05
1288          	1.018297e-04	1.067669e-05	9.028941e-06
1289          	8.096017e-05	8.579860e-06	9.803618e-06
1290          	9.596642e-05	1.094809e-05	1.071065e-05
1291          	7.817028e-05	8.281870e-06	9.855311e-06
1292          	1.044672e-04	1.150196e-05	1.067283e-05
1293          	9.093959e-05	8.608501e-06	9.531818e-06
1294          	8.793227e-05	1.185045e-05	1.041166e-05
1295          	8.499692e-05	8.745976e-06	9.316047e-06
1296          	8.902323e-05	1.152355e-05	1.021152e-05
1297          	8.406723e-05	8.368980e-06	9.114278e-06
1298          	9.889890e-05	1.101083e-05	9.860438e-06
1299          	1.030160e-04	7.349285e-06	1.038327e-05
1300          	8.090976e-05	1.011594e-05	9.509720e-06
1301          	7.460555e-05	7.245708e-06	9.966532e-06
1302          	1.004769e-04	9.036155e-06	1.068575e-05
1303          	9.287783e-05	1.044637e-05	9.630224e-06
1304          	9.765582e-05	8.683832e-06	1.023516e-05
1305          	9.867817e-05	1.183196e-05	9.611964e-06
1306          	9.698433e-05	8.616580e-06	1.008853e-05
1307          	1.024693e-04	1.200506e-05	9.598247e-06
1308          	8.710884e-05	8.497831e-06	9.863239e-06
1309          	9.693320e-05	1.121268e-05	1.090302e-05
1310          	8.957976e-05	8.425512e-06	9.636270e-06
1311          	9.149023e-05	1.127685e-05	1.048707e-05
1312          	8.183263e-05	8.367431e-06	9.334200e-06
1313          	7.608212e-05	1.092708e-05	1.001259e-05
1314          	7.604602e-05	8.014590e-06	9.009929e-06
1315          	8.743320e-05	1.003707e-05	9.790216e-06
1316          	9.516984e-05	6.810882e-06	1.035643e-05
1317          	7.274369e-05	9.041425e-06	9.393129e-06
1318          	7.704524e-05	9.997811e-06	9.821944e-06
1319          	1.072697e-04	9.492693e-06	1.025378e-05
1320          	1.073100e-04	1.224869e-05	9.522989e-06
1321          	9.455168e-05	8.360948e-06	9.987017e-06
1322          	7.536241e-05	1.017692e-05	1.104327e-05
1323          	7.345467e-05	7.447921e-06	9.871184e-06
1324          	1.023479e-04	9.616259e-06	1.073708e-05
1325          	1.018742e-04	1.105271e-05	9.599653e-06
1326          	8.208454e-05	8.746822e-06	1.018072e-05
1327          	1.074516e-04	1.180990e-05	9.643499e-06
1328          	9.890014e-05	8.385535e-06	1.025224e-05
1329          	1.039539e-04	1.195847e-05	9.590725e-06
1330          	9.024846e-05	8.598558e-06	9.885672e-06
1331          	1.041015e-04	1.139935e-05	1.075481e-05
1332          	9.214959e-05	8.315291e-06	9.540353e-06
1333          	9.813664e-05	1.143760e-05	1.049786e-05
1334          	8.936086e-05	8.266033e-06	9.251065e-06
1335          	8.736120e-05	1.134418e-05	1.007258e-05
1336          	8.326692e-05	8.042944e-06	8.951230e-06
1337          	9.851996e-05	1.070781e-05	9.861959e-06
                                                                                                                                                                                                                                                                                                                                                                                                                                                                                                                                                                                                                                                                                                                                                                                                                                                                                                                                                                                                                                                                                                                                                                                                                                                                                                                                                                                                                                                                                        