/*--------------------------------*- C++ -*----------------------------------*\
  =========                 |
  \\      /  F ield         | OpenFOAM: The Open Source CFD Toolbox
   \\    /   O peration     | Website:  https://openfoam.org
    \\  /    A nd           | Version:  7
     \\/     M anipulation  |
\*---------------------------------------------------------------------------*/
FoamFile
{
    version     2.0;
    format      ascii;
    class       cellSet;
    location    "constant/polyMesh/sets";
    object      highAspectRatioCells;
}
// * * * * * * * * * * * * * * * * * * * * * * * * * * * * * * * * * * * * * //


252
(
20486 
20487 
20488 
20489 
20490 
20491 
20492 
20493 
17945 
17946 
17947 
17948 
17949 
17950 
17951 
17952 
19489 
17953 
19490 
17954 
19491 
19492 
19493 
19494 
15398 
19495 
15399 
19496 
19497 
19498 
19499 
19500 
19501 
19502 
15928 
15929 
15930 
16466 
16467 
16468 
18517 
16469 
18518 
16470 
18519 
18520 
18521 
18522 
18523 
18524 
18525 
18526 
18527 
20084 
20085 
17013 
20086 
17014 
20087 
17015 
20088 
17016 
20089 
17017 
20090 
17018 
20091 
17019 
20092 
20093 
20094 
20095 
20096 
20097 
20098 
20099 
19097 
19098 
19099 
19100 
19101 
19102 
19103 
19104 
19105 
19106 
17570 
19107 
17571 
19108 
17572 
19109 
17573 
17574 
17575 
17576 
17577 
15050 
20689 
20690 
20691 
20692 
15574 
15575 
18135 
18136 
18137 
18138 
18139 
18140 
18141 
18142 
18143 
18144 
19686 
19687 
19688 
19689 
19690 
16106 
19691 
16107 
19692 
16108 
19693 
16109 
19694 
19695 
19696 
19697 
19698 
19699 
19700 
16647 
16648 
16649 
16650 
16651 
16652 
18709 
18710 
18711 
18712 
18713 
18714 
18715 
18716 
18717 
18718 
18719 
18720 
17198 
17199 
17200 
17201 
17202 
17203 
17204 
20285 
20286 
20287 
20288 
20289 
20290 
20291 
20292 
20293 
20294 
20295 
19292 
17757 
19293 
17758 
19294 
17759 
19295 
17760 
19296 
17761 
19297 
17762 
19298 
17763 
19299 
17764 
19300 
17765 
19301 
19302 
19303 
19304 
19305 
15224 
15750 
15751 
15752 
18325 
18326 
18327 
18328 
18329 
18330 
18331 
18332 
18333 
18334 
16286 
18335 
16287 
16288 
16289 
19885 
19886 
19887 
19888 
19889 
19890 
19891 
19892 
19893 
19894 
19895 
19896 
19897 
19898 
19899 
16830 
16831 
16832 
16833 
16834 
16835 
18903 
18904 
18905 
18906 
18907 
18908 
18909 
18910 
18911 
18912 
18913 
18914 
17383 
17384 
17385 
17386 
17387 
17388 
17389 
17390 
)

// ************************************************************************* //
