/*--------------------------------*- C++ -*----------------------------------*\
  =========                 |
  \\      /  F ield         | OpenFOAM: The Open Source CFD Toolbox
   \\    /   O peration     | Website:  https://openfoam.org
    \\  /    A nd           | Version:  7
     \\/     M anipulation  |
\*---------------------------------------------------------------------------*/
FoamFile
{
    version     2.0;
    format      ascii;
    class       cellSet;
    location    "constant/polyMesh/sets";
    object      highAspectRatioCells;
}
// * * * * * * * * * * * * * * * * * * * * * * * * * * * * * * * * * * * * * //


252
(
1550 
1551 
1552 
1553 
1554 
1555 
1556 
1557 
1558 
1559 
1051 
1052 
1053 
2081 
2082 
2083 
2084 
2085 
2086 
2087 
2088 
2089 
2090 
2091 
2092 
2093 
2094 
2095 
1602 
1603 
1091 
1604 
1092 
1605 
1093 
1606 
1094 
1607 
1608 
1609 
1610 
1611 
2136 
2137 
2138 
2139 
2140 
2141 
2142 
2143 
2144 
2145 
2146 
2147 
2148 
2149 
2150 
2151 
1133 
1134 
1135 
1136 
1653 
1654 
1655 
1656 
1657 
1658 
1659 
1660 
1661 
1662 
1663 
2192 
2193 
2194 
2195 
2196 
2197 
2198 
2199 
1175 
2200 
1176 
2201 
1177 
2202 
1178 
1179 
1706 
1707 
1708 
1709 
1710 
1711 
1712 
1713 
1714 
1715 
1716 
1218 
1219 
1220 
1221 
1222 
2247 
1223 
2248 
2249 
2250 
2251 
2252 
2253 
2254 
1758 
1759 
1760 
1761 
1762 
1763 
1764 
1765 
1766 
1767 
1768 
1769 
1263 
1264 
1265 
1266 
1267 
1268 
2303 
2304 
2305 
2306 
1812 
1813 
1814 
1815 
1816 
1817 
1818 
1819 
1308 
1820 
1309 
1821 
1310 
1822 
1311 
1823 
1312 
1313 
1314 
1865 
1866 
1355 
1867 
1356 
1868 
1357 
1869 
1358 
1870 
1359 
1871 
1360 
1872 
1361 
1873 
1874 
1875 
1876 
1877 
863 
1402 
1403 
1404 
1405 
1406 
1918 
1407 
1919 
1408 
1920 
1409 
1921 
1922 
899 
1923 
1924 
1925 
1926 
1927 
1928 
1929 
1930 
1931 
935 
936 
1451 
1452 
1453 
1454 
1455 
1456 
1457 
1458 
1972 
1973 
1974 
1975 
1976 
1977 
1978 
1979 
1980 
1981 
1982 
1983 
1984 
1985 
973 
974 
1500 
1501 
1502 
1503 
1504 
1505 
1506 
1507 
1508 
2026 
2027 
2028 
2029 
2030 
2031 
2032 
2033 
2034 
1011 
2035 
1012 
2036 
1013 
2037 
2038 
2039 
2040 
)

// ************************************************************************* //
