/*--------------------------------*- C++ -*----------------------------------*\
  =========                 |
  \\      /  F ield         | OpenFOAM: The Open Source CFD Toolbox
   \\    /   O peration     | Website:  https://openfoam.org
    \\  /    A nd           | Version:  7
     \\/     M anipulation  |
\*---------------------------------------------------------------------------*/
FoamFile
{
    version     2.0;
    format      ascii;
    class       faceSet;
    location    "constant/polyMesh/sets";
    object      nonOrthoFaces;
}
// * * * * * * * * * * * * * * * * * * * * * * * * * * * * * * * * * * * * * //


301
(
32793 
36907 
159791 
94268 
151629 
24657 
77916 
143467 
65643 
135321 
61603 
69801 
118968 
114876 
53443 
49357 
12507 
16621 
28921 
20731 
123132 
110856 
98601 
41263 
74073 
57691 
45433 
33157 
127368 
24973 
164243 
106908 
37293 
156081 
12733 
147919 
86481 
139757 
16881 
82428 
90632 
21021 
29263 
131676 
66157 
103032 
78473 
49803 
53907 
62101 
94881 
12961 
70328 
41671 
25291 
33523 
17143 
160533 
45861 
37681 
152371 
58173 
21313 
144209 
115553 
119657 
136056 
74616 
13191 
99228 
111521 
29607 
123833 
17407 
25611 
87068 
107561 
83001 
50251 
128081 
91233 
42081 
33891 
54373 
21607 
13423 
66673 
164985 
62601 
156823 
148661 
38071 
79032 
70857 
140499 
46291 
103673 
29953 
95496 
17673 
58657 
132401 
25933 
13657 
21903 
75161 
34261 
161275 
42493 
116232 
50701 
99857 
17941 
153113 
120348 
144951 
54841 
112188 
38463 
13893 
136793 
30301 
87657 
67191 
124536 
83576 
63103 
46723 
26257 
108216 
22201 
91836 
71388 
79593 
59143 
128796 
18211 
14131 
34633 
165727 
96113 
104316 
157565 
149403 
42907 
141241 
30651 
75708 
38857 
51153 
26583 
22501 
133128 
55311 
14371 
18483 
47157 
63606 
63607 
100488 
116913 
88248 
84153 
35007 
121041 
112857 
162017 
59631 
71921 
153855 
22803 
14613 
92441 
31003 
80156 
145693 
26911 
125241 
43323 
137532 
18757 
108873 
39253 
51607 
96732 
76257 
55783 
129513 
47593 
104961 
14857 
35383 
23107 
19033 
158307 
27241 
64112 
64113 
31357 
150145 
68232 
141983 
60121 
43741 
133857 
39651 
84732 
15103 
101121 
72456 
88841 
80721 
117596 
52063 
19311 
23413 
113528 
93048 
121736 
48031 
35761 
27573 
56257 
162759 
109532 
31713 
154597 
15351 
125948 
146435 
76808 
138273 
97353 
64620 
64621 
40051 
44161 
19591 
105608 
68753 
23721 
130232 
60613 
15601 
27907 
72993 
52521 
36141 
85313 
32071 
159049 
48471 
89436 
150887 
101756 
142725 
81288 
56733 
19873 
134588 
93657 
24031 
15853 
40453 
118281 
114201 
44583 
77361 
122433 
28243 
65131 
110193 
69276 
36523 
163501 
32431 
61107 
97976 
20157 
126657 
155339 
147177 
16107 
52981 
139015 
106257 
48913 
24343 
73532 
57211 
85896 
130953 
40857 
28581 
90033 
81857 
45007 
20443 
16363 
102393 
12283 
)

// ************************************************************************* //
